(
NM_000518.5:0.05672,
NM_008220.2:0.15188,
NM_013096.2:0.44777);
